------------------------------------------------------------------------------------------- benchmark: 32 tests -------------------------------------------------------------------------------------------
Name (time in s)                              Min                 Max                Mean            StdDev              Median               IQR            Outliers     OPS            Rounds  Iterations
-----------------------------------------------------------------------------------------------------------------------------------------------------------------------------------------------------------
test_nb_parties_addition[2-2]              5.0477 (1.0)        5.0538 (1.0)        5.0502 (1.0)      0.0028 (1.0)        5.0489 (1.0)      0.0050 (1.0)           1;0  0.1980 (1.0)           5           1
test_scalar_addition[50-4]                 5.2771 (1.05)       5.3123 (1.05)       5.2918 (1.05)     0.0130 (4.61)       5.2893 (1.05)     0.0138 (2.78)          2;0  0.1890 (0.95)          5           1
test_scalar_multiplication[2-4]            5.2887 (1.05)       5.2996 (1.05)       5.2945 (1.05)     0.0046 (1.62)       5.2950 (1.05)     0.0079 (1.58)          2;0  0.1889 (0.95)          5           1
test_scalar_multiplication[40-4]           5.2662 (1.04)       5.3282 (1.05)       5.2946 (1.05)     0.0233 (8.31)       5.2909 (1.05)     0.0316 (6.33)          2;0  0.1889 (0.95)          5           1
test_scalar_addition[100-4]                5.2879 (1.05)       5.3057 (1.05)       5.2972 (1.05)     0.0070 (2.51)       5.2966 (1.05)     0.0110 (2.21)          2;0  0.1888 (0.95)          5           1
test_scalar_multiplication[80-4]           5.2867 (1.05)       5.3280 (1.05)       5.3044 (1.05)     0.0159 (5.67)       5.3058 (1.05)     0.0217 (4.35)          2;0  0.1885 (0.95)          5           1
test_scalar_multiplication[10-4]           5.2629 (1.04)       5.3660 (1.06)       5.3055 (1.05)     0.0400 (14.23)      5.3075 (1.05)     0.0540 (10.84)         2;0  0.1885 (0.95)          5           1
test_scalar_multiplication[20-4]           5.3037 (1.05)       5.3534 (1.06)       5.3283 (1.06)     0.0199 (7.10)       5.3333 (1.06)     0.0312 (6.26)          2;0  0.1877 (0.95)          5           1
test_scalar_addition[500-4]                5.2512 (1.04)       5.4989 (1.09)       5.3579 (1.06)     0.1273 (45.33)      5.2748 (1.04)     0.2313 (46.42)         2;0  0.1866 (0.94)          5           1
test_scalar_addition[2-4]                  5.2888 (1.05)       5.5079 (1.09)       5.3765 (1.06)     0.1092 (38.86)      5.3081 (1.05)     0.1960 (39.33)         1;0  0.1860 (0.94)          5           1
test_scalar_addition[1000-4]               5.2976 (1.05)       5.5058 (1.09)       5.4189 (1.07)     0.1098 (39.08)      5.4903 (1.09)     0.2026 (40.67)         2;0  0.1845 (0.93)          5           1
test_nb_parties_multiplication[2-2]        5.4770 (1.09)       5.5295 (1.09)       5.5112 (1.09)     0.0215 (7.66)       5.5217 (1.09)     0.0290 (5.81)          1;0  0.1814 (0.92)          5           1
test_secret_addition[2-4]                  5.4893 (1.09)       5.5532 (1.10)       5.5143 (1.09)     0.0278 (9.89)       5.5039 (1.09)     0.0466 (9.36)          1;0  0.1813 (0.92)          5           1
test_nb_parties_addition[2-4]              5.5089 (1.09)       5.5376 (1.10)       5.5228 (1.09)     0.0133 (4.73)       5.5217 (1.09)     0.0253 (5.09)          2;0  0.1811 (0.91)          5           1
test_nb_parties_multiplication[2-4]        5.5126 (1.09)       5.7699 (1.14)       5.6236 (1.11)     0.1254 (44.64)      5.5451 (1.10)     0.2218 (44.52)         2;0  0.1778 (0.90)          5           1
test_nb_parties_addition[2-8]              5.5558 (1.10)       5.7597 (1.14)       5.6310 (1.12)     0.0980 (34.89)      5.5655 (1.10)     0.1664 (33.39)         1;0  0.1776 (0.90)          5           1
test_nb_parties_addition[2-16]             5.6905 (1.13)       5.7217 (1.13)       5.7067 (1.13)     0.0111 (3.96)       5.7072 (1.13)     0.0104 (2.09)          2;0  0.1752 (0.88)          5           1
test_secret_multiplication[2-4]            5.5446 (1.10)       5.9632 (1.18)       5.7961 (1.15)     0.1711 (60.90)      5.7647 (1.14)     0.2477 (49.71)         1;0  0.1725 (0.87)          5           1
test_nb_parties_multiplication[2-8]        5.6772 (1.12)       5.8903 (1.17)       5.8049 (1.15)     0.1106 (39.39)      5.8779 (1.16)     0.2017 (40.48)         2;0  0.1723 (0.87)          5           1
test_nb_parties_addition[2-32]             6.0290 (1.19)       6.1586 (1.22)       6.0782 (1.20)     0.0498 (17.74)      6.0594 (1.20)     0.0587 (11.79)         1;0  0.1645 (0.83)          5           1
test_nb_parties_multiplication[2-16]       6.1093 (1.21)       6.1630 (1.22)       6.1314 (1.21)     0.0205 (7.31)       6.1253 (1.21)     0.0267 (5.37)          2;0  0.1631 (0.82)          5           1
test_nb_parties_multiplication[2-32]       7.8205 (1.55)       8.0788 (1.60)       7.9006 (1.56)     0.1037 (36.92)      7.8782 (1.56)     0.1056 (21.20)         1;0  0.1266 (0.64)          5           1
test_secret_multiplication[10-4]           7.9895 (1.58)       8.2229 (1.63)       8.1366 (1.61)     0.0998 (35.52)      8.1807 (1.62)     0.1570 (31.52)         1;0  0.1229 (0.62)          5           1
test_nb_parties_addition[2-64]             8.4664 (1.68)       8.7875 (1.74)       8.5558 (1.69)     0.1312 (46.71)      8.5153 (1.69)     0.1002 (20.11)         1;1  0.1169 (0.59)          5           1
test_secret_multiplication[20-4]          10.4464 (2.07)      11.0843 (2.19)      10.7166 (2.12)     0.3082 (109.71)    10.5805 (2.10)     0.5736 (115.11)        1;0  0.0933 (0.47)          5           1
test_secret_addition[50-4]                10.6265 (2.11)      12.3501 (2.44)      11.6392 (2.30)     0.7493 (266.74)    11.9096 (2.36)     1.2802 (256.92)        1;0  0.0859 (0.43)          5           1
test_nb_parties_multiplication[2-64]      14.9933 (2.97)      15.6110 (3.09)      15.2900 (3.03)     0.2407 (85.70)     15.3081 (3.03)     0.3652 (73.29)         2;0  0.0654 (0.33)          5           1
test_secret_multiplication[40-4]          15.9103 (3.15)      17.1719 (3.40)      16.4984 (3.27)     0.5400 (192.24)    16.4387 (3.26)     0.9545 (191.57)        2;0  0.0606 (0.31)          5           1
test_secret_addition[100-4]               15.9403 (3.16)      17.6492 (3.49)      16.7494 (3.32)     0.6609 (235.28)    16.6043 (3.29)     0.9685 (194.36)        2;0  0.0597 (0.30)          5           1
test_secret_multiplication[80-4]          26.0983 (5.17)      29.2897 (5.80)      28.2829 (5.60)     1.2593 (448.31)    28.6701 (5.68)     1.1248 (225.73)        1;1  0.0354 (0.18)          5           1
test_secret_addition[500-4]               58.1626 (11.52)     62.9883 (12.46)     60.2535 (11.93)    1.7395 (619.23)    60.0228 (11.89)    1.5641 (313.90)        2;0  0.0166 (0.08)          5           1
test_secret_addition[1000-4]             100.8122 (19.97)    120.5459 (23.85)    113.7390 (22.52)    7.6994 (>1000.0)  116.6657 (23.11)    8.2910 (>1000.0)       1;0  0.0088 (0.04)          5           1
-----------------------------------------------------------------------------------------------------------------------------------------------------------------------------------------------------------

Legend:
  Outliers: 1 Standard Deviation from Mean; 1.5 IQR (InterQuartile Range) from 1st Quartile and 3rd Quartile.
  OPS: Operations Per Second, computed as 1 / Mean
===================================================================================================== 32 passed in 2911.03s (0:48:31) ======================================================================================================